inseriu: 4
4
---------------------------------------
inseriu: 3
4
      3
---------------------------------------
inseriu: 9
      9
4
      3
---------------------------------------
inseriu: 7
      9
            7
4
      3
---------------------------------------
inseriu: 5
            9
      7
            5
4
      3
---------------------------------------
inseriu: 0
            9
      7
            5
4
      3
            0
---------------------------------------
inseriu: 1
            9
      7
            5
4
            3
      1
            0
---------------------------------------
inseriu: 2
            9
      7
            5
4
            3
                  2
      1
            0
---------------------------------------
inseriu: 8
            9
                  8
      7
            5
4
            3
                  2
      1
            0
---------------------------------------
inseriu: 6
            9
                  8
      7
                  6
            5
4
            3
                  2
      1
            0
---------------------------------------
removeu: 5
            9
                  8
      7
            6
4
            3
                  2
      1
            0
---------------------------------------
removeu: 2
            9
                  8
      7
            6
4
            3
      1
            0
---------------------------------------
removeu: 0
            9
                  8
      7
            6
4
            3
      1
---------------------------------------
removeu: 3
      9
            8
7
            6
      4
            1
---------------------------------------
removeu: 6
      9
            8
7
      4
            1
---------------------------------------
removeu: 9
      8
7
      4
            1
---------------------------------------
removeu: 4
      8
7
      1
---------------------------------------
removeu: 1
      8
7
---------------------------------------
removeu: 7
8
---------------------------------------
removeu: 8
---------------------------------------
