inseriu: 4
4
---------------------------------------
inseriu: 13
      13
4
---------------------------------------
inseriu: 11
      13
11
      4
---------------------------------------
inseriu: 12
      13
            12
11
      4
---------------------------------------
inseriu: 14
            14
      13
            12
11
      4
---------------------------------------
inseriu: 9
            14
      13
            12
11
            9
      4
---------------------------------------
inseriu: 8
            14
      13
            12
11
            9
      8
            4
---------------------------------------
inseriu: 1
            14
      13
            12
11
            9
      8
            4
                  1
---------------------------------------
inseriu: 2
            14
      13
            12
11
            9
      8
                  4
            2
                  1
---------------------------------------
inseriu: 6
            14
      13
            12
11
                  9
            8
                  6
      4
            2
                  1
---------------------------------------
inseriu: 7
                  14
            13
                  12
      11
            9
8
                  7
            6
      4
            2
                  1
---------------------------------------
inseriu: 3
                  14
            13
                  12
      11
            9
8
                  7
            6
      4
                  3
            2
                  1
---------------------------------------
inseriu: 0
                  14
            13
                  12
      11
            9
8
                  7
            6
      4
                  3
            2
                  1
                        0
---------------------------------------
inseriu: 10
                  14
            13
                  12
      11
                  10
            9
8
                  7
            6
      4
                  3
            2
                  1
                        0
---------------------------------------
inseriu: 5
                  14
            13
                  12
      11
                  10
            9
8
                  7
            6
                  5
      4
                  3
            2
                  1
                        0
---------------------------------------
removeu: 9
                  14
            13
                  12
      11
            10
8
                  7
            6
                  5
      4
                  3
            2
                  1
                        0
---------------------------------------
removeu: 10
            14
      13
                  12
            11
8
                  7
            6
                  5
      4
                  3
            2
                  1
                        0
---------------------------------------
removeu: 12
                  14
            13
                  11
      8
                  7
            6
                  5
4
            3
      2
            1
                  0
---------------------------------------
removeu: 7
                  14
            13
                  11
      8
            6
                  5
4
            3
      2
            1
                  0
---------------------------------------
removeu: 13
                  14
            11
      8
            6
                  5
4
            3
      2
            1
                  0
---------------------------------------
removeu: 2
                  14
            11
      8
            6
                  5
4
            3
      1
            0
---------------------------------------
removeu: 3
                  14
            11
      8
            6
                  5
4
      1
            0
---------------------------------------
removeu: 14
            11
      8
            6
                  5
4
      1
            0
---------------------------------------
removeu: 8
            11
      6
            5
4
      1
            0
---------------------------------------
removeu: 1
            11
      6
            5
4
      0
---------------------------------------
removeu: 5
            11
      6
4
      0
---------------------------------------
removeu: 6
      11
4
      0
---------------------------------------
removeu: 0
      11
4
---------------------------------------
removeu: 4
11
---------------------------------------
removeu: 11
---------------------------------------
